SNP	CHR	BP	A1	A2	BETA_m	SE_m	P_m	BETA_b	SE_b	BETA_j	SE_j	concordant
rs10036748	5	151078585	C	T	0.17843372018877	0.0312224591526599	1.09758459077729e-08	0.27763173659828	0.0377968453367996	-0.03468	0.0554	FALSE
rs1015166	6	32830954	C	T	0.162953864829136	0.0298281307423308	4.67908193390345e-08	0.246860077931526	0.0354466446237717	-0.0406	0.05521	FALSE
rs10168266	2	191071078	C	T	0.298304408895135	0.0328066962128522	9.65293127503889e-20	0.451075619360217	0.0407088929079961	0.01527	0.05541	TRUE
rs10174238	2	191108308	G	A	-0.341405925634476	0.0307490744439696	1.21348848200653e-28	-0.512823626428664	0.0378399755547536	-0.008161	0.05276	TRUE
rs10181656	2	191105153	G	C	-0.371103985331591	0.0313939677411963	3.04517498197643e-32	-0.559615787935423	0.0389972772563185	-0.02396	0.05292	TRUE
rs1051336	6	32444815	G	A	0.361840094287312	0.0353913628870806	1.54871712409925e-24	0.570979546585738	0.0433065290076823	-0.0587	0.06141	FALSE
rs10931480	2	191089321	G	A	0.255687994146669	0.0379068828016706	1.52858356576816e-11	0.385662480811985	0.0452345247086071	-0.05087	0.06947	FALSE
rs10931481	2	191090126	G	A	-0.248897065341441	0.0291425882555863	1.33452303611498e-17	-0.357674444271816	0.0356698283841348	-0.03052	0.05054	TRUE
rs1111673	6	29815752	G	A	0.184271000867928	0.0314230073898891	4.5128585704585e-09	0.231111720963387	0.0362508645086049	0.04271	0.06302	TRUE
rs1116222	6	30103502	T	G	0.20980326896879	0.0350602555717572	2.17620353919873e-09	0.262364264467491	0.0384811852285509	-0.04701	0.08506	FALSE
rs11961853	6	30397852	C	T	0.318106136756415	0.0378244764440176	4.09799152214075e-17	0.512823626428664	0.0472936016945502	-0.02753	0.06301	FALSE
rs11965538	6	28272137	G	A	0.266397940301335	0.0389810912871403	8.25618505647433e-12	0.357674444271816	0.0478987604567367	0.08738	0.06708	TRUE
rs11967137	6	28231986	A	G	0.205026727333418	0.0338078182402096	1.32383935389693e-09	0.322083499169113	0.0442436398466611	0.04077	0.05241	TRUE
rs12174623	6	26372858	C	T	0.338809992353771	0.0448903554106816	4.43689896215654e-14	0.431782416425538	0.0523401648300733	0.08016	0.0873	TRUE
rs1233478	6	29510044	G	T	0.349958344911342	0.0397231469970319	1.25218393248681e-18	0.378436435720245	0.0433613656435567	0.2013	0.09907	TRUE
rs12463658	2	191100618	C	A	-0.16629976799975	0.0290493033986369	1.03591030395241e-08	-0.231111720963387	0.0354407127355926	-0.03361	0.05071	TRUE
rs1264375	6	30798434	T	C	0.209623754968121	0.0296864328487757	1.64994164688009e-12	0.27763173659828	0.0368768556011863	0.0844	0.05004	TRUE
rs1264564	6	30399675	C	T	0.198192085259773	0.0289410824790875	7.48253518921095e-12	0.300104592450338	0.0353399001366304	-0.009335	0.05043	FALSE
rs1265047	6	31113687	A	G	0.176153264202205	0.0293326205613044	1.90895077929761e-09	0.2390169004705	0.034095564907968	-0.002884	0.05754	FALSE
rs1265057	6	31110838	T	C	0.212390297118115	0.028982320902526	2.331411961144e-13	0.307484699747961	0.0338230867965599	-0.05034	0.05622	FALSE
rs1265060	6	31110497	G	C	0.21201029574033	0.0290036214377608	2.67566125659292e-13	0.307484699747961	0.033881077409717	-0.04984	0.05611	FALSE
rs1265776	6	32308725	A	G	-0.202938897306915	0.0287881113184521	1.79691571440911e-12	-0.27443684570176	0.0339354721054113	-0.01941	0.05437	TRUE
rs13019891	2	113072292	G	T	-0.459766349199045	0.0305117686196163	2.61001590498646e-51	-0.562118918153541	0.0344639987748832	-0.08871	0.06562	TRUE
rs13207945	6	32611931	T	C	-0.187413511372354	0.028548598763697	5.21312880330151e-11	-0.2484613592985	0.0348973249783109	-0.06389	0.04964	TRUE
rs13221560	7	129023121	A	G	0.167688273327903	0.0299532935537248	2.16432676581608e-08	0.23572233352107	0.0375148368655673	0.04804	0.04975	TRUE
rs13222807	7	129095690	T	C	0.207566160072342	0.0377009791428958	3.67932472665138e-08	0.27763173659828	0.0443110861600233	0.02386	0.07175	TRUE
rs13277113	8	11491677	G	A	0.169999936121202	0.0311518712243568	4.83881144244941e-08	0.262364264467491	0.0382774408778567	-0.01118	0.05361	FALSE
rs13409	6	31164363	G	A	0.202884354322241	0.0291579733595874	3.44870566349032e-12	0.27763173659828	0.0349370601705129	0.03132	0.05293	TRUE
rs13501	6	32825746	G	A	-0.165868207222709	0.0303264501871407	4.51501082519955e-08	-0.210721031315653	0.0378427577767112	-0.08536	0.0507	TRUE
rs1383264	6	32772190	A	T	-0.287773650960904	0.0305717206022553	4.81867362318583e-21	-0.392042087776024	0.0352826580075904	0.02635	0.06124	FALSE
rs1419664	6	31025536	C	T	0.398011686441308	0.0363834845333208	7.47334401075384e-28	0.609765571620894	0.0454160809894911	0.01863	0.06079	TRUE
rs1422673	5	151059427	C	T	0.188979319979961	0.0314530816266049	1.87487165332531e-09	0.27002713721306	0.040727785425564	0.06921	0.04951	TRUE
rs1480382	6	32773118	C	T	0.171715235257675	0.0298547055457429	8.83517849951284e-09	0.22314355131421	0.0358283311663972	0.05489	0.054	TRUE
rs1573646	6	32763847	T	G	-0.224014470746224	0.0289469322502524	1.00360829515108e-14	-0.301141092135937	0.0348031888518674	-0.05091	0.05214	TRUE
rs1576	6	31142614	G	C	0.257979681398477	0.0344248414332956	6.68069116830222e-14	0.29266961396282	0.0363736991010095	-0.03997	0.1066	FALSE
rs1610682	6	29833547	T	C	0.224684660514746	0.0331748354703842	1.26362629872084e-11	0.300104592450338	0.0388428597251029	0.02134	0.06378	TRUE
rs1612904	6	32701241	C	A	-0.398397043704096	0.0319048623816513	8.78706910663239e-36	-0.542324290825362	0.036070498274193	0.119	0.06839	FALSE
rs16833215	2	191049073	A	G	0.165311379139911	0.0291649424680574	1.44344381083929e-08	0.2390169004705	0.0357002728510167	0.01742	0.05057	TRUE
rs16891727	6	26488632	C	A	0.310702631397809	0.0424529154241738	2.5027571778936e-13	0.451075619360217	0.0528077668079962	0.05423	0.07138	TRUE
rs17205647	6	32669641	G	A	-0.239856514087389	0.0300267933808978	1.37053306037878e-15	-0.385662480811985	0.0372100187136801	0.03233	0.05084	FALSE
rs17212223	6	32683763	C	T	-0.277976636558494	0.040244015564235	4.94038335923374e-12	-0.385662480811985	0.0470505567121517	0.01555	0.07768	FALSE
rs1736996	6	29798381	A	G	0.202874125825467	0.0332360096390632	1.03416615553042e-09	0.262364264467491	0.0390804075365902	0.04739	0.06318	TRUE
rs1737056	6	29765760	G	C	0.179970955203724	0.0315089829565739	1.11830250310987e-08	0.231111720963387	0.0364334947649618	0.02822	0.06276	TRUE
rs1800629	6	31575254	G	A	0.559892828596288	0.0433937141853052	4.35021018431788e-38	0.582215619852664	0.0441951379486583	-0.03892	0.2289	FALSE
rs185819	6	32082290	T	C	-0.228484535389354	0.0287635177870725	1.96470282586476e-15	-0.371080681246334	0.0344857554868352	0.09748	0.05214	FALSE
rs1894408	6	32819056	C	G	-0.180487885741113	0.0295020837186651	9.48752692773293e-10	-0.23572233352107	0.0364750047735555	-0.07599	0.05017	TRUE
rs200484	6	27807896	A	G	0.370045235972495	0.0456864319284806	5.51063482135028e-16	0.482426149244293	0.0531132454420028	0.05037	0.08958	TRUE
rs200968	6	27891790	T	C	0.283025354643038	0.0411173647237453	5.84597329991878e-12	0.350656871613169	0.0462930796347757	0.03029	0.08949	TRUE
rs200974	6	27888067	A	G	0.285974972330801	0.0411931957521843	3.85803397197049e-12	0.350656871613169	0.0462342964644368	0.03694	0.09072	TRUE
rs200991	6	27847716	C	A	0.264909859244728	0.0384200067835635	5.3826230571852e-12	0.350656871613169	0.0456524210911233	0.05675	0.07113	TRUE
rs204989	6	32194075	G	A	0.311765989610412	0.0339270874100676	3.9542709991458e-20	0.482426149244293	0.041845090187366	-0.01565	0.05796	FALSE
rs2071278	6	32197667	A	G	0.403064050201933	0.0369913685064192	1.20218226244524e-27	0.598836501088704	0.0447130595350411	-0.02155	0.06585	FALSE
rs2071469	6	32817006	C	T	-0.203990063866719	0.0294137100617764	4.05636922821315e-12	-0.27443684570176	0.0364588859206125	-0.07266	0.04978	TRUE
rs2072633	6	31951801	A	G	-0.232758039016921	0.0289448301928057	8.87907292276403e-16	-0.322083499169113	0.0355553358821444	-0.05724	0.04984	TRUE
rs2073045	6	32371771	G	A	0.187250601650914	0.0329543784947332	1.33038365447284e-08	0.2390169004705	0.0364392420551884	-0.04522	0.07722	FALSE
rs2076529	6	32396178	T	C	-0.175341505756819	0.0280610535869166	4.14223023464647e-10	-0.27443684570176	0.0338297933696288	0.04321	0.05024	FALSE
rs2076530	6	32396039	T	C	-0.189695796392814	0.0281832533429112	1.68734625939998e-11	-0.287682072451781	0.0342625957153225	0.01532	0.04956	FALSE
rs2093169	6	26494871	C	T	0.20861479560047	0.0372649477701896	2.16650317233918e-08	0.262364264467491	0.043959610248515	0.07135	0.07025	TRUE
rs2143465	6	32341575	T	C	-0.197303322143759	0.0288481548658251	7.95399468954919e-12	-0.27443684570176	0.0341488003899428	-0.005069	0.05391	TRUE
rs2157077	6	32818127	G	T	-0.20144263155369	0.0291670496172977	4.96708533249502e-12	-0.27443684570176	0.0357572840947213	-0.05631	0.05042	TRUE
rs2227139	6	32445682	G	A	-0.322118959708419	0.0292014619890025	2.71080900571184e-28	-0.482426149244293	0.0354611607257234	0.0156	0.05147	FALSE
rs2242665	6	31871532	C	T	-0.198613952581429	0.0292607144735109	1.13908251842151e-11	-0.29266961396282	0.0356172427381405	-0.003343	0.05132	TRUE
rs2273019	6	32338642	C	T	0.165452642825726	0.0288083027969689	9.28886802258338e-09	0.2390169004705	0.0352362340500006	0.01715	0.05003	TRUE
rs2280714	7	128954671	C	T	0.167076562407254	0.0297137856760771	1.87817752754414e-08	0.23572233352107	0.0370433472779719	0.04321	0.04976	TRUE
rs2395164	6	32420083	C	T	0.519434132052379	0.0403825196671015	7.28443667815288e-38	0.609765571620894	0.0438134238131607	0.009486	0.1041	TRUE
rs2395170	6	32426536	A	C	0.417556573771925	0.0366936076709589	5.2874639691126e-30	0.598836501088704	0.0435234358253031	-0.02795	0.06823	FALSE
rs2395184	6	32464869	G	A	0.53459553726633	0.0418141949459228	1.98798290329063e-37	0.631271776841858	0.0455522065733178	0.01701	0.1054	TRUE
rs2442752	6	31383987	T	C	0.170543069658339	0.0292819410940133	5.73963450312783e-09	0.231111720963387	0.0347395961523911	0.02191	0.05442	TRUE
rs2507976	6	31384110	C	A	0.21626860949943	0.0298235541137033	4.11864061656698e-13	0.322083499169113	0.0355518633578569	-0.03505	0.05479	FALSE
rs2516417	6	31491859	C	G	0.243363737624192	0.0286968459300845	2.24219120914251e-17	0.371563556432483	0.0351691485613038	-0.01204	0.04964	FALSE
rs2516512	6	31480786	C	T	-0.180733370793285	0.0327067815732526	3.27859824294716e-08	-0.261364764134408	0.0388328063904455	0.01608	0.06067	FALSE
rs2517474	6	31078717	G	A	-0.19654524036599	0.0290986963433559	1.43393364786249e-11	-0.262364264467491	0.0351822191524421	-0.05403	0.05177	TRUE
rs2517600	6	30106386	G	A	0.340532300342742	0.040315005728561	2.99427147415227e-17	0.431782416425538	0.0446224934825977	-0.06483	0.09405	FALSE
rs2517645	6	30154846	T	C	0.350697019776795	0.0408745641090353	9.50092459394311e-18	0.431782416425538	0.0451273480849789	-0.0197	0.09645	FALSE
rs2517664	6	30105482	C	T	0.303279606688362	0.03906067836897	8.20844090024849e-15	0.392042087776024	0.0437346415572052	-0.04668	0.08684	FALSE
rs2523484	6	31385862	C	T	-0.18419650558735	0.0288072435440501	1.61491695207012e-10	-0.261364764134408	0.035168488793463	-0.02684	0.05022	TRUE
rs2523570	6	31361957	C	T	-0.219416863652081	0.0401336871993616	4.57330592740541e-08	-0.23572233352107	0.045485465304748	-0.1621	0.08528	TRUE
rs2523589	6	31359557	G	T	-0.22217843352566	0.0286152475135455	8.20732156403525e-15	-0.301141092135937	0.034939350939059	-0.06131	0.04987	TRUE
rs2523638	6	31376496	T	C	0.160811080055211	0.0292315293404919	3.77025411699992e-08	0.23572233352107	0.0359636906266248	0.01497	0.05018	TRUE
rs2523865	6	31050671	A	C	0.183133220557203	0.0284951667428373	1.3030357406512e-10	0.27002713721306	0.0340962752064321	-0.01812	0.05189	FALSE
rs2524084	6	31273862	A	G	0.233597941965966	0.029321125131822	1.62728003297625e-15	0.3293037471426	0.0362253289576025	0.05178	0.04993	TRUE
rs2524129	6	31297358	C	G	-0.400964744243598	0.0352132061146284	4.86688100383082e-30	-0.53062825106217	0.0399019451267248	0.05554	0.07487	FALSE
rs2524161	6	31292021	C	G	-0.27661762875327	0.0312771113465779	9.22761325591985e-19	-0.357674444271816	0.0349511595180759	0.04926	0.07008	FALSE
rs2534671	6	31497884	T	G	-0.285815493251437	0.0294386948500627	2.76473273083927e-22	-0.371063681390832	0.0345663844512961	-0.06071	0.05617	TRUE
rs2596501	6	31353434	C	T	-0.178481947077018	0.0286144296988145	4.44674535943023e-10	-0.27002713721306	0.0344456278371012	0.02536	0.0514	FALSE
rs2621326	6	32816119	G	A	-0.177238564249202	0.0288715527726671	8.31131696398306e-10	-0.23572233352107	0.0348041981128526	-0.04819	0.0517	TRUE
rs2621364	6	32801427	G	A	-0.19863692496337	0.0302449965484975	5.11339709647539e-11	-0.2484613592985	0.0371050572196002	-0.09999	0.05221	TRUE
rs2647046	6	32700559	A	C	-0.357601388888641	0.0304640386192729	8.09315826162142e-32	-0.470003629245736	0.034705901697542	0.01975	0.06359	FALSE
rs2734335	6	31926167	G	A	-0.184732448409298	0.0306457192118377	1.65999274904553e-09	-0.2390169004705	0.0346840460524247	0.00851	0.06544	FALSE
rs2734988	6	29850218	G	A	0.223044580640163	0.0351633315662001	2.25184983663403e-10	0.300104592450338	0.0399103150212279	-0.04432	0.07434	FALSE
rs2736340	8	11486464	C	T	0.172891265911768	0.0310397479972125	2.547454792961e-08	0.262364264467491	0.0379153071698629	-0.008934	0.05405	FALSE
rs2760995	6	32606581	G	A	-0.239975732847504	0.0364826846075709	4.77466003775284e-11	-0.3147107448397	0.0431524628152611	-0.0527	0.06831	TRUE
rs28371271	6	32706566	G	A	-0.223906778794742	0.0286577318262934	5.57820003691064e-15	-0.356674943938732	0.0349995008754265	0.04619	0.04992	FALSE
rs2844549	6	31376097	C	T	0.282056227901222	0.0323434533557029	2.76587224827975e-18	0.371563556432483	0.0373464077561358	0.0135	0.06469	TRUE
rs2854008	6	31344761	G	A	0.240080634890578	0.0322553778061725	9.83349794679737e-14	0.371563556432483	0.0389446351099204	-0.04714	0.05756	FALSE
rs2855804	6	31499588	C	T	0.351635852069261	0.031954897601559	3.65021510154783e-28	0.431782416425538	0.0362313985055183	0.07098	0.0678	TRUE
rs2855812	6	31504943	G	T	0.378712719976941	0.0344403168537052	3.98562364584134e-28	0.488580014818671	0.0396679193099707	0.04233	0.06941	TRUE
rs2857209	6	32774141	G	A	-0.192733303035854	0.029823493180078	1.03010470275877e-10	-0.23572233352107	0.0368100395215579	-0.1106	0.05088	TRUE
rs2857212	6	32772634	A	G	-0.169347352954501	0.0300486057744066	1.74267016096031e-08	-0.22314355131421	0.0374651765411327	-0.07234	0.05031	TRUE
rs2858324	6	32692598	A	G	-0.359741436255678	0.0306782717672706	9.3497717146482e-32	-0.470003629245736	0.0350020320728592	0.005678	0.06372	FALSE
rs2858888	6	32726695	T	G	-0.193105836517864	0.0292163035073403	3.85559736635407e-11	-0.261364764134408	0.0354098867717035	-0.04754	0.05171	TRUE
rs2859090	6	32733056	G	A	0.292917228715345	0.0356751992521266	2.19960699025359e-16	0.350656871613169	0.0399292032399657	0.06443	0.07943	TRUE
rs2859100	6	32731702	G	C	-0.177103718505873	0.0291845709565188	1.29188939474841e-09	-0.2484613592985	0.0352092572001965	-0.02044	0.05217	TRUE
rs2859111	6	32730267	T	C	-0.186405853450217	0.0293500748342977	2.1375258560595e-10	-0.261364764134408	0.0357450255891949	-0.03129	0.05142	TRUE
rs28746945	6	32684913	C	T	-0.240441545885919	0.0382438303437044	3.23518569924976e-10	-0.328504066972036	0.0427799627440953	0.11	0.08534	FALSE
rs28747028	6	32687212	C	T	-0.204859294612066	0.032452652901239	2.74458310020265e-10	-0.328504066972036	0.0402466369561226	0.02496	0.05487	FALSE
rs28752875	6	31335014	G	T	-0.186142314366331	0.0287398565111307	9.36879888573718e-11	-0.27002713721306	0.0348346008854413	-0.007323	0.05086	TRUE
rs2894260	6	32479281	C	T	0.343879689762057	0.0347048697565412	3.81628530543709e-23	0.500775287912489	0.0421509079924833	0.01367	0.06115	TRUE
rs2904785	6	31489272	C	T	-0.183706790397649	0.032561528233649	1.68246674629971e-08	-0.261364764134408	0.0387026876662881	0.00443	0.06024	FALSE
rs3024866	2	191058115	G	A	-0.208962550624044	0.0304479457941205	6.74556178989577e-12	-0.29266961396282	0.0382303576198058	-0.06377	0.05035	TRUE
rs3094114	6	30771144	A	G	0.294612120314107	0.0324646812021205	1.13833926502633e-19	0.371563556432483	0.0368403500209958	0.02717	0.06868	TRUE
rs3094193	6	31169997	G	T	0.162914352927435	0.0293804652721216	2.93972869846155e-08	0.210721031315653	0.0361343085766653	0.06965	0.05047	TRUE
rs3095239	6	31159013	A	G	0.199317075220114	0.0287810833438936	4.35112507298562e-12	0.261364764134408	0.0351140870665111	0.0723	0.05024	TRUE
rs3095324	6	31119356	C	T	0.175412803467497	0.0286458438768493	9.15422871115944e-10	0.262364264467491	0.0338870092034963	-0.04229	0.05362	FALSE
rs3117106	6	32375592	T	C	0.426511398670373	0.0379983885424698	3.09269348933253e-29	0.631271776841858	0.0450519577293701	-0.07818	0.07073	FALSE
rs3129707	6	30267427	G	A	0.321671326096552	0.0404749559172877	1.90441528286029e-15	0.418710334858185	0.0455274288208037	-0.04418	0.0884	FALSE
rs3129846	6	32428698	A	G	0.223471653861392	0.0312897656753551	9.19794454020359e-13	0.357674444271816	0.037974552927402	-0.0603	0.05522	FALSE
rs3129878	6	32440958	A	C	0.18977136980718	0.0294219410549172	1.11853914139786e-10	0.300104592450338	0.0364745646479551	-0.01574	0.04978	FALSE
rs3129881	6	32441707	C	T	0.248831958195823	0.032264964650011	1.23724283248201e-14	0.350656871613169	0.0373680253023176	-0.04948	0.06396	FALSE
rs3129915	6	32364487	G	A	0.418222464359075	0.0378828880097456	2.45365907371275e-28	0.570979546585738	0.0440305674333411	-0.01711	0.07433	FALSE
rs3129942	6	32370506	G	T	0.334700442417455	0.0339506305361839	6.30174064977565e-23	0.457424847038875	0.0386906539873386	-0.07613	0.07079	FALSE
rs3130474	6	31231479	C	T	0.162496543120326	0.0288076553882948	1.69319201557704e-08	0.27002713721306	0.0350342647290494	-0.06199	0.05062	FALSE
rs3130573	6	31138491	A	G	0.180028553054093	0.0307154260817719	4.59597379792166e-09	0.2390169004705	0.0343649890495194	-0.05428	0.06849	FALSE
rs3131038	6	30766303	G	A	0.371275596853437	0.036557527898844	3.1183142328274e-24	0.418710334858185	0.0393060954516538	0.06725	0.09951	TRUE
rs3131621	6	31457722	A	G	0.219036976989113	0.0335228461105042	6.40525304405081e-11	0.262364264467491	0.0378071638003026	0.05971	0.0725	TRUE
rs3131783	6	30964291	G	A	0.4450550385401	0.0406366304620861	6.49494295264183e-28	0.559615787935423	0.0453090174402562	-0.02604	0.09188	FALSE
rs3131886	6	29696675	T	C	0.153356336247399	0.0281102025675658	4.88242218355823e-08	0.182321556793955	0.0340925964579647	0.09185	0.04968	TRUE
rs3131932	6	30972551	G	A	0.162084551715697	0.0283675503984875	1.10525674840417e-08	0.246860077931526	0.0336419585268596	-0.0465	0.05277	FALSE
rs3132485	6	31275612	C	A	0.172113781851648	0.0283963425116944	1.35172716870615e-09	0.2390169004705	0.0343457392670698	0.02759	0.05048	TRUE
rs3132557	6	31138632	A	G	0.164374565168831	0.0281521168849578	5.25783067062537e-09	0.207014169384326	0.0340553382583381	0.07235	0.05003	TRUE
rs3132564	6	31079843	G	A	0.171624556879358	0.0288937937537351	2.85297677830612e-09	0.2390169004705	0.0352063690484398	0.03258	0.05057	TRUE
rs3132565	6	31135187	A	G	0.166273714938783	0.0291732916323325	1.20146296959143e-08	0.235704333359068	0.0338746832222876	-0.03308	0.0574	FALSE
rs3132947	6	32209005	G	T	0.283255221957341	0.034888825235071	4.70834814055355e-16	0.418710334858185	0.0398553860653394	-0.1609	0.07217	FALSE
rs3132949	6	32228158	T	C	-0.211661081412779	0.03089764773638	7.36465199468838e-12	-0.287682072451781	0.0354295598649714	0.02978	0.06314	FALSE
rs3134749	6	31251692	C	T	0.183428139171658	0.0286287963267868	1.48293909706922e-10	0.2390169004705	0.035058211948746	0.07216	0.0496	TRUE
rs3135345	6	32426808	C	T	0.51217596009131	0.0399726788477511	1.38398637592246e-37	0.62057648772511	0.0440962066461892	0.01254	0.09467	TRUE
rs34569761	6	26334078	A	G	0.264249062769651	0.0477173679526439	3.06301247464162e-08	0.431782416425538	0.0544961237794339	-0.2863	0.09879	FALSE
rs34946552	2	191045837	T	A	-0.176645354167139	0.0287964025360768	8.55427825168477e-10	-0.231111720963387	0.0350206548291539	-0.06294	0.0506	TRUE
rs35195457	6	32670056	G	A	-0.202909768496957	0.0368391210603505	3.62939578787035e-08	-0.385662480811985	0.0496491236501621	0.02095	0.05495	FALSE
rs365053	6	32228211	T	G	-0.199799696847186	0.0319328385420222	3.92774455411393e-10	-0.356674943938732	0.0407413212025215	0.05009	0.05142	FALSE
rs376319	6	29676856	C	T	0.197284855010769	0.0312287683253568	2.65987559369929e-10	0.27002713721306	0.0390859850340302	0.06888	0.05193	TRUE
rs3763311	6	32408399	C	T	-0.175673193220568	0.0313015947487669	1.99682451380867e-08	-0.23572233352107	0.0375843698237041	-0.03973	0.05655	TRUE
rs378088	6	32228536	C	T	-0.20038835342739	0.0323642935139303	5.95379269844035e-10	-0.356674943938732	0.0407511869692237	0.06657	0.05326	FALSE
rs3807306	7	128940626	G	T	0.270482147848497	0.0294938143565082	4.69480843761541e-20	0.328512066940036	0.0340121531707131	0.09456	0.05922	TRUE
rs3821236	2	191038032	G	A	0.260592164660698	0.0317062741338673	2.0529892780254e-16	0.418710334858185	0.0405048385419711	0.01041	0.05095	TRUE
rs3828903	6	31496962	G	A	-0.225537010853377	0.0300846320059645	6.54188204883638e-14	-0.3147107448397	0.0376871167177037	-0.06889	0.04995	TRUE
rs3864302	6	32311015	C	T	0.265494908979581	0.032112234522098	1.36547064801645e-16	0.451075619360217	0.0400942727307287	-0.06654	0.05363	FALSE
rs389883	6	31979683	G	T	-0.371565600577062	0.031390306443744	2.51420379812504e-32	-0.53062825106217	0.0383713734625785	-0.04974	0.05458	TRUE
rs3925075	16	31336427	A	G	-0.164541020413402	0.0292904220525857	1.93660799378439e-08	-0.235704333359068	0.0333721576735285	0.07416	0.06112	FALSE
rs3997849	6	32714625	C	T	-0.229612158254549	0.0320819333671788	8.24286959234669e-13	-0.371063681390832	0.0385596199185912	0.08855	0.05783	FALSE
rs424232	6	32240547	C	T	0.210304303714053	0.0302594000203265	3.6516013905997e-12	0.27763173659828	0.0356816960783083	0.03789	0.0571	TRUE
rs4273729	6	32710820	C	G	-0.325384676465372	0.0290285158797654	3.6775220117517e-29	-0.482426149244293	0.0349332266945077	0.025	0.05218	FALSE
rs430916	6	32220322	C	T	-0.18516064565098	0.0335610877942589	3.44594481214733e-08	-0.261364764134408	0.0387170605515492	0.04516	0.06731	FALSE
rs4321864	6	32431410	C	A	-0.240353063451435	0.0298502444757488	8.14765544352957e-16	-0.356674943938732	0.0365916413898784	-0.008952	0.05161	TRUE
rs439303	6	32241144	G	A	-0.187462453112337	0.0331762150876001	1.59974800176187e-08	-0.301105092783922	0.0407954089126457	0.03447	0.05701	FALSE
rs4411512	16	31336124	C	T	-0.16489366145264	0.0296045449419086	2.54919850330768e-08	-0.2390169004705	0.0338305300892818	0.07744	0.06117	FALSE
rs4538748	6	32689728	T	C	-0.237050402765226	0.0291545999724527	4.26444590959125e-16	-0.356674943938732	0.0352906657945101	0.02008	0.05174	FALSE
rs454748	6	32245433	G	A	-0.199037789309294	0.0289234616970088	5.92113769615354e-12	-0.301105092783922	0.0351762596197042	0.014	0.05082	FALSE
rs4713139	6	28124907	C	T	0.274568372029767	0.0398378815125936	5.49581249166426e-12	0.398776119957368	0.0488521215948914	0.028	0.06883	TRUE
rs4713429	6	31053240	C	G	-0.20441103583629	0.0367471872916322	2.65737712782422e-08	-0.261364764134408	0.0428701677036843	-0.04665	0.07135	TRUE
rs4713580	6	32692217	C	T	-0.246704253494953	0.0288874098910666	1.33989899634279e-17	-0.356694943738735	0.0349627454987503	-0.01009	0.05128	TRUE
rs4728142	7	128933913	G	A	0.278915741100126	0.0309149826741195	1.84644369812802e-19	0.307484699747961	0.0332742899281581	0.09862	0.08359	TRUE
rs4843868	16	85939795	C	T	-0.237488159809428	0.0392904485695783	1.4994401450144e-09	-0.301105092783922	0.0448342762064321	-0.02691	0.08157	TRUE
rs4843869	16	85941535	G	A	-0.230033278604271	0.0382981279479045	1.89706110788654e-09	-0.287682072451781	0.0433628751074093	-0.02559	0.08166	TRUE
rs4947350	6	32799843	T	C	0.37263674175754	0.0372307367949856	1.39367527850864e-23	0.482426149244293	0.0421774854630256	-0.01478	0.07923	FALSE
rs4959106	6	32615382	T	C	-0.160291576450641	0.0291822208011873	3.9565111780019e-08	-0.210721031315653	0.0361399460431471	-0.0658	0.04947	TRUE
rs4992474	6	31351156	T	G	-0.247994759796305	0.0293104354787184	2.65159162710593e-17	-0.336472236621213	0.0351245637977327	-0.0451	0.05319	TRUE
rs5007258	6	32411462	A	G	-0.231981394670634	0.0288496047178148	8.9064829062924e-16	-0.314737744475207	0.0342283735635218	-0.02897	0.05361	TRUE
rs501545	6	32326789	G	A	-0.199416753358731	0.0286803306219617	3.57385261261174e-12	-0.27443684570176	0.0338838217838407	-0.009866	0.05386	TRUE
rs520692	6	32220863	T	C	-0.214335684235479	0.0315410141172991	1.07967840688565e-11	-0.287682072451781	0.0370987096026525	-0.02306	0.05991	TRUE
rs521828	6	32323866	C	T	0.227858100828268	0.029656541502491	1.55123794190573e-14	0.378436435720245	0.0369943741055304	-0.04293	0.04961	FALSE
rs536810	6	32609720	C	T	-0.199940784578105	0.029693027710388	1.65522971818705e-11	-0.27443684570176	0.0358718478337508	-0.03781	0.05292	TRUE
rs537160	6	31948623	A	G	-0.359905274160256	0.0306228635591921	6.82936498047841e-32	-0.500775287912489	0.0369540266715297	-0.05114	0.05471	TRUE
rs585669	6	32604336	G	A	-0.208386612269971	0.0282834401386276	1.73472186069865e-13	-0.287682072451781	0.0344263209740421	-0.04372	0.04961	TRUE
rs614348	6	32606100	T	C	-0.206729292369245	0.0302242640080264	7.92787043600615e-12	-0.27443684570176	0.0355048805691227	-0.02853	0.0576	TRUE
rs644045	6	31916180	A	G	-0.374223702078768	0.033628949964086	9.16463662610224e-29	-0.438254930931155	0.0364317437158556	-0.005456	0.08743	TRUE
rs6457620	6	32696222	G	C	-0.240624175894369	0.0289961564098226	1.05447203168365e-16	-0.356694943738735	0.0352639165212364	0.001674	0.05095	FALSE
rs6457644	6	32738351	C	T	-0.20604491105189	0.0299150929807134	5.67186095424207e-12	-0.261364764134408	0.0357155438403721	-0.076	0.05476	TRUE
rs6457655	6	32767729	T	G	-0.198659494684462	0.0295885197267118	1.89264963152756e-11	-0.27443684570176	0.0344480265417201	0.01453	0.05778	FALSE
rs652888	6	31883457	A	G	0.410123398447766	0.0368444398401933	8.84215023413912e-29	0.512823626428664	0.0407412318128602	-0.05101	0.08633	FALSE
rs6752770	2	191108837	A	G	0.208245760169796	0.0316929050187811	5.00666489087783e-11	0.27002713721306	0.0364284567796992	0.01588	0.06428	TRUE
rs68072215	6	26377699	T	C	0.291307105903133	0.0415942210660816	2.49561120746796e-12	0.431782416425538	0.0520027835385474	0.04184	0.0693	TRUE
rs68141011	6	28250019	G	T	0.265455293572954	0.038725374142007	7.14046323065012e-12	0.357674444271816	0.0474125761990577	0.08064	0.06712	TRUE
rs6889239	5	151078210	T	C	0.17614832565525	0.0312216601279706	1.68220039302892e-08	0.27763173659828	0.037676558767491	-0.04629	0.05578	FALSE
rs6913309	6	32372063	T	A	-0.210573157232893	0.0342996037912022	8.29224241296594e-10	-0.2484613592985	0.038730376372075	-0.07282	0.07385	TRUE
rs6916187	6	31496149	T	C	-0.226998564168291	0.0300796740705329	4.46848342109786e-14	-0.3147107448397	0.0377031952104514	-0.07342	0.04989	TRUE
rs6918317	6	32413433	T	C	-0.225969617537649	0.0288876092514192	5.1837270567649e-15	-0.307484699747961	0.0341409949267119	-0.02053	0.0542	TRUE
rs6922111	6	28357531	C	T	0.206175549743169	0.0359964506683009	1.01823400009944e-08	0.246860077931526	0.0399567740346931	0.03092	0.08293	TRUE
rs6928482	6	32658472	T	C	-0.260404891294271	0.0281048429513174	1.94199835800809e-20	-0.385662480811985	0.0340733621767929	0.006196	0.04971	FALSE
rs715299	6	32222064	T	G	0.232297606280794	0.0287163076943334	5.99609554013023e-16	0.336472236621213	0.0350067999443663	0.01799	0.05021	TRUE
rs71557334	6	26365685	G	T	0.339706219217015	0.0444919457830953	2.2541842680046e-14	0.431782416425538	0.0517387587388694	0.07834	0.08717	TRUE
rs729302	7	128928906	A	C	-0.192848332362395	0.0316461918650199	1.10201134579604e-09	-0.27443684570176	0.0385693044588687	-0.02476	0.05536	TRUE
rs735765	6	28202519	G	A	0.279097773969988	0.0396053507158997	1.82853877163862e-12	0.392042087776024	0.0484882657200126	0.0527	0.06865	TRUE
rs7574865	2	191099907	T	G	-0.373093915362395	0.0313238160462478	1.03887031287868e-32	-0.559615787935423	0.0387923248755731	-0.02361	0.0531	TRUE
rs7582694	2	191105394	C	G	-0.37418542250737	0.031387698529816	9.15529756765933e-33	-0.559615787935423	0.0389573622015682	-0.03111	0.05299	TRUE
rs7601754	2	191075725	G	A	0.256142044072485	0.0368563964893672	3.65983190496098e-12	0.385662480811985	0.0445623677600737	-0.02428	0.06557	FALSE
rs7741091	6	31384854	A	G	-0.167363593523072	0.0303770336553167	3.59765132861288e-08	-0.261364764134408	0.0372305634471896	0.01984	0.05254	FALSE
rs7745040	6	32696555	T	C	-0.187389720175884	0.0291005185608974	1.19951029711975e-10	-0.287682072451781	0.0357713740097901	0.00887	0.05004	FALSE
rs7755802	6	31014432	A	G	-0.19057893030816	0.028920499495137	4.40560738876756e-11	-0.27443684570176	0.0354137950204322	-0.02268	0.05011	TRUE
rs7768538	6	32762044	C	A	-0.282049346534712	0.0310561688301878	1.06685458302214e-19	-0.371563556432483	0.0351243485976841	0.03862	0.06648	FALSE
rs7775759	6	31384669	G	A	-0.166992965621286	0.0303647311902469	3.80718480089878e-08	-0.261364764134408	0.037211474268858	0.02107	0.05253	FALSE
rs7807018	7	129000134	A	G	0.174527418110833	0.0282431403100179	6.43203294365684e-10	0.23572233352107	0.0344993049436599	0.05017	0.04918	TRUE
rs7823055	8	54599116	G	T	-0.246991468311428	0.02882797826145	1.05508866946966e-17	-0.350656871613169	0.0339740395201939	0.01958	0.05448	FALSE
rs8084	6	32443258	A	C	-0.287259603088325	0.0288142568634459	2.07568989042416e-23	-0.431782416425538	0.0349999638016149	0.01672	0.05076	FALSE
rs8180562	6	28173682	G	A	0.274754551006766	0.0396329756428108	4.13545209725883e-12	0.398776119957368	0.0485425212185105	0.02678	0.06864	TRUE
rs9257803	6	29376618	C	T	0.339935942900144	0.0447726536285924	3.1381473772242e-14	0.470003629245736	0.0515043840192333	-0.06236	0.09058	FALSE
rs9263980	6	31220620	A	G	-0.164413314150439	0.0284912882375632	7.89653226212858e-09	-0.27002713721306	0.034734711461086	0.05277	0.04981	FALSE
rs9265461	6	31328942	G	A	0.226935971426148	0.0307965577122121	1.72074442361791e-13	0.307484699747961	0.0358926397735348	0.002149	0.05996	TRUE
rs9265745	6	31334941	A	G	0.187732473111615	0.0287110644831306	6.20640132110968e-11	0.27002713721306	0.0351246885461041	0.02204	0.04984	TRUE
rs9268000	6	32255754	A	C	-0.184273252209932	0.0303242159227713	1.22628291153138e-09	-0.261364764134408	0.0364326764831071	-0.01043	0.05471	TRUE
rs9268176	6	32306302	C	T	0.291037635177368	0.0333174652933623	2.43037378802067e-18	0.457424847038875	0.0398414195751247	-0.09594	0.06076	FALSE
rs9268399	6	32372459	G	A	-0.198799727108046	0.0313798347013683	2.36925919592328e-10	-0.27443684570176	0.0370704883262151	-0.007595	0.05894	TRUE
rs9268402	6	32373576	G	A	-0.202473413201195	0.028408672696005	1.02454221300742e-12	-0.3147107448397	0.0345886778803109	0.03019	0.0498	FALSE
rs9268480	6	32396067	C	T	-0.191800391223046	0.0344788018572122	2.65404526270685e-08	-0.23572233352107	0.0379308052510361	0.01709	0.08272	FALSE
rs9268556	6	32419187	T	C	-0.227783453170911	0.0292602510900711	6.98566010222063e-15	-0.342490308946776	0.0353579612066388	0.02146	0.05212	FALSE
rs9268613	6	32434915	C	T	-0.195598518001604	0.0289263439207979	1.36145825203971e-11	-0.301105092783922	0.0352959452510757	0.02021	0.05048	FALSE
rs9268645	6	32440750	C	G	-0.193265904228259	0.0289468112302103	2.44570864977801e-11	-0.301105092783922	0.0354233446236832	0.02348	0.05022	FALSE
rs9268668	6	32446112	C	A	-0.320825074355252	0.0289812419553932	1.75216607777631e-28	-0.482426149244293	0.0352603259658499	0.01566	0.05088	FALSE
rs9268671	6	32446513	A	G	-0.396923051508989	0.030863775348733	7.51061043376728e-38	-0.559615787935423	0.0368113409400573	-0.01189	0.05663	TRUE
rs9268831	6	32459971	C	T	-0.230080941670851	0.0279096475049336	1.6685643091538e-16	-0.356694943738735	0.0337648967976566	0.04303	0.04959	FALSE
rs9268861	6	32462117	C	A	0.32601055330415	0.0333354738996531	1.3763337539207e-22	0.457424847038875	0.0401138487443966	0.03269	0.05993	TRUE
rs9268913	6	32464743	C	T	0.275118391910443	0.0312959352784951	1.48410714291735e-18	0.418710334858185	0.0383672319744455	-0.01038	0.0541	FALSE
rs9268973	6	32467001	T	C	0.272213854257333	0.0310719893834279	1.93959781071453e-18	0.412109650826833	0.0379845320080006	-0.01073	0.05402	FALSE
rs9271301	6	32613837	C	T	0.17368783208709	0.0306178524804763	1.40512257193031e-08	0.22314355131421	0.0369544711075279	0.06541	0.05468	TRUE
rs9271573	6	32622724	A	C	-0.283131984988564	0.0287802947123245	7.74592754242551e-23	-0.398776119957368	0.0342549294967981	-0.00556	0.05307	TRUE
rs9271588	6	32623176	T	C	-0.221405106015306	0.029094413256306	2.74342322549665e-14	-0.356674943938732	0.0358485876189586	0.03964	0.0498	FALSE
rs9273363	6	32658495	C	A	0.281431848355449	0.0303286912866505	1.70446653254566e-20	0.431782416425538	0.0378973078980062	0.01361	0.05058	TRUE
rs9274477	6	32665936	A	G	0.232079715548502	0.0342495606850478	1.23431637380598e-11	0.29266961396282	0.0384221896464694	-0.002308	0.07557	FALSE
rs9274684	6	32669008	C	T	-0.261193217636822	0.0299762508199849	2.95054157641942e-18	-0.385662480811985	0.0357068165563562	0.03595	0.05517	FALSE
rs9275086	6	32681032	A	G	-0.26521731916871	0.0296227517476094	3.45439835449199e-19	-0.371063681390832	0.0346481749861638	0.02235	0.05711	FALSE
rs9275210	6	32690040	C	T	-0.246789043650777	0.0292853633292999	3.54506756043552e-17	-0.385662480811985	0.0359182433366957	0.0286	0.05058	FALSE
rs9275521	6	32707175	T	C	-0.358429817034169	0.0305069387154912	7.13543892706546e-32	-0.470003629245736	0.0347530767477415	0.0163	0.06369	FALSE
rs9275702	6	32720323	G	T	0.287818621988261	0.0369957013048485	7.26475974667795e-15	0.371563556432483	0.040803998843582	-0.09904	0.0877	FALSE
rs9275764	6	32721512	C	T	0.288847464389456	0.0366130760127803	3.04157404202956e-15	0.371563556432483	0.0402720665095887	-0.1053	0.08791	FALSE
rs9275950	6	32725352	C	T	-0.254289002043803	0.0296439561729853	9.64479433402308e-18	-0.357674444271816	0.0347707065950929	0.02082	0.05672	FALSE
rs9275970	6	32725838	T	C	0.286668039884628	0.0369514612772927	8.63048634147134e-15	0.371563556432483	0.0407729078954823	-0.1036	0.08742	FALSE
rs9276524	6	32752754	G	A	-0.271599473253	0.0293864715073235	2.41186477500051e-20	-0.357674444271816	0.0345121471638729	-0.04465	0.05604	TRUE
rs9296043	6	32768326	T	C	-0.201586486947351	0.0291549735237731	4.70150390760215e-12	-0.27443684570176	0.0337651483516722	0.01189	0.0578	FALSE
rs9358947	6	26478772	G	A	0.204683904180905	0.0374838639852815	4.7456259094876e-08	0.262364264467491	0.0442136154669775	0.05728	0.07068	TRUE
rs9368714	6	32329564	G	A	-0.224529928399241	0.0319649432392839	2.15210675099429e-12	-0.3147107448397	0.0376754305464773	0.007171	0.06039	FALSE
rs9368737	6	32690652	T	C	-0.245351094400686	0.0296712232011548	1.35096824986982e-16	-0.400477566597125	0.0370646435583398	0.03144	0.04951	FALSE
rs9378212	6	32477914	C	T	-0.201970063081879	0.0289573214431332	3.06416308512783e-12	-0.3147107448397	0.03561503966208	0.01793	0.04974	FALSE
rs9380045	6	28057501	A	G	0.177933937306479	0.0320073629029669	2.7108165391052e-08	0.246860077931526	0.0391266714925529	0.0385	0.05565	TRUE
rs9380069	6	28235522	A	G	0.255682371986743	0.0379286664873954	1.57150939898279e-11	0.398776119957368	0.0493584566175519	0.04935	0.05927	TRUE
rs9391720	6	31347192	G	A	-0.176113794349341	0.0286378619720924	7.76375948674648e-10	-0.27763173659828	0.0349325267656745	0.03195	0.05001	FALSE
rs9467714	6	26340557	G	A	0.274992146374581	0.0445749353372272	6.86319339531099e-10	0.412109650826833	0.0505858805134035	-0.2013	0.09428	FALSE
rs9468275	6	28058358	G	T	0.179066450720007	0.0319764904085816	2.14425118548692e-08	0.246860077931526	0.0390634012251934	0.04138	0.05567	TRUE
rs9469220	6	32690533	G	A	-0.293962482909392	0.0295012218478269	2.18149484991491e-23	-0.430807915779959	0.0351999611160892	0.02905	0.05408	FALSE
